0000000000000000
0000000000000000
0111110001111100
1100011011000110
1100011011000110
1100111011001110
1101111011011110
1111011011110110
1110011011100110
1100011011000110
1100011011000110
0111110001111100
0000000000000000
0000000000000000
0000000000000000
0000000000000000

0000000000000000
0000000000000000
0111110000011000
1100011000111000
1100011001111000
1100111000011000
1101111000011000
1111011000011000
1110011000011000
1100011000011000
1100011000011000
0111110001111110
0000000000000000
0000000000000000
0000000000000000
0000000000000000

0000000000000000
0000000000000000
0111110001111100
1100011011000110
1100011000000110
1100111000001100
1101111000011000
1111011000110000
1110011001100000
1100011011000000
1100011011000110
0111110011111110
0000000000000000
0000000000000000
0000000000000000
0000000000000000

0000000000000000
0000000000000000
0111110001111100
1100011011000110
1100011000000110
1100111000000110
1101111000111100
1111011000000110
1110011000000110
1100011000000110
1100011011000110
0111110001111100
0000000000000000
0000000000000000
0000000000000000
0000000000000000

0000000000000000
0000000000000000
0111110000001100
1100011000011100
1100011000111100
1100111001101100
1101111011001100
1111011011111110
1110011000001100
1100011000001100
1100011000001100
0111110000011110
0000000000000000
0000000000000000
0000000000000000
0000000000000000

0000000000000000
0000000000000000
0111110011111110
1100011011000000
1100011011000000
1100111011000000
1101111011111100
1111011000000110
1110011000000110
1100011000000110
1100011011000110
0111110001111100
0000000000000000
0000000000000000
0000000000000000
0000000000000000

0000000000000000
0000000000000000
0111110000111000
1100011001100000
1100011011000000
1100111011000000
1101111011111100
1111011011000110
1110011011000110
1100011011000110
1100011011000110
0111110001111100
0000000000000000
0000000000000000
0000000000000000
0000000000000000

0000000000000000
0000000000000000
0111110011111110
1100011011000110
1100011000000110
1100111000000110
1101111000001100
1111011000011000
1110011000110000
1100011000110000
1100011000110000
0111110000110000
0000000000000000
0000000000000000
0000000000000000
0000000000000000

0000000000000000
0000000000000000
0111110001111100
1100011011000110
1100011011000110
1100111011000110
1101111001111100
1111011011000110
1110011011000110
1100011011000110
1100011011000110
0111110001111100
0000000000000000
0000000000000000
0000000000000000
0000000000000000

0000000000000000
0000000000000000
0111110001111100
1100011011000110
1100011011000110
1100111011000110
1101111001111110
1111011000000110
1110011000000110
1100011000000110
1100011000001100
0111110001111000
0000000000000000
0000000000000000
0000000000000000
0000000000000000

0000000000000000
0000000000000000
0001100001111100
0011100011000110
0111100011000110
0001100011001110
0001100011011110
0001100011110110
0001100011100110
0001100011000110
0001100011000110
0111111001111100
0000000000000000
0000000000000000
0000000000000000
0000000000000000

0000000000000000
0000000000000000
0001100001111100
0011100011000110
0111100011000110
0001100011001110
0001100011011110
0001100011110110
0001100011100110
0001100011000110
0001100011000110
0111111001111100
0000000000000000
0000000000000000
0000000000000000
0000000000000000

0000000000000000
0000000000000000
0001100001111100
0011100011000110
0111100011000110
0001100011001110
0001100011011110
0001100011110110
0001100011100110
0001100011000110
0001100011000110
0111111001111100
0000000000000000
0000000000000000
0000000000000000
0000000000000000

0000000000000000
0000000000000000
0001100001111100
0011100011000110
0111100011000110
0001100011001110
0001100011011110
0001100011110110
0001100011100110
0001100011000110
0001100011000110
0111111001111100
0000000000000000
0000000000000000
0000000000000000
0000000000000000

0000000000000000
0000000000000000
0001100001111100
0011100011000110
0111100011000110
0001100011001110
0001100011011110
0001100011110110
0001100011100110
0001100011000110
0001100011000110
0111111001111100
0000000000000000
0000000000000000
0000000000000000
0000000000000000

0000000000000000
0000000000000000
0001100001111100
0011100011000110
0111100011000110
0001100011001110
0001100011011110
0001100011110110
0001100011100110
0001100011000110
0001100011000110
0111111001111100
0000000000000000
0000000000000000
0000000000000000
0000000000000000
0000000000000000
0000000000000000